2714477869
2714897247
2714478460
2714516486
2715002446
2714838956
2714852381
2714846559
2715041847
2711213756
2715686155
2711754556
2711215748
2715998079
2710694154
2710761657
2715396156
2715483552
2716051960
2715377856
2715376662
2715408848
2715537944
2715527044
2715503152
2715468147
2715469451
2715481051
2716138659
2716310743
2718475563
2716656851
2713289255
2711879150
2719790544
2712547048
2705590946
2705590947
2710322149
2716493768
2714903263
2714903264
2711213854
2715716252
2711273344
2715929647
2717381368
2711711367
2711682645
2712200950
2711773155
2711785451
2711724349
2717620243
2712571645
2717419762
2711964654
2717223462
2712210964
2712210965
2714232849
2716847059
2718549846
2721145662
2721127143
2721100160
2721129561
2720410545
2720433245
2720657045
2721248050
2719113961
2721079266
2721034150
2707001049
2720201271
2721325044
2713582553
2711724361
2719088150